32
10
file1.txt
66
-1
0
32
64
0
0
0
0
0
0
0
file2.txt
76
-1
0
32
64
0
0
0
0
0
0
0
(null)
0
-1
0
0
0
0
0
0
0
0
0
0
(null)
0
-1
0
0
0
0
0
0
0
0
0
0
(null)
0
-1
0
0
0
0
0
0
0
0
0
0
(null)
0
-1
0
0
0
0
0
0
0
0
0
0
(null)
0
-1
0
0
0
0
0
0
0
0
0
0
(null)
0
-1
0
0
0
0
0
0
0
0
0
0
(null)
0
-1
0
0
0
0
0
0
0
0
0
0
(null)
0
-1
0
0
0
0
0
0
0
0
0
0
(null)
0
-1
0
0
0
0
0
0
0
0
0
0
(null)
0
-1
0
0
0
0
0
0
0
0
0
0
(null)
0
-1
0
0
0
0
0
0
0
0
0
0
(null)
0
-1
0
0
0
0
0
0
0
0
0
0
(null)
0
-1
0
0
0
0
0
0
0
0
0
0
(null)
0
-1
0
0
0
0
0
0
0
0
0
0
(null)
0
-1
0
0
0
0
0
0
0
0
0
0
(null)
0
-1
0
0
0
0
0
0
0
0
0
0
(null)
0
-1
0
0
0
0
0
0
0
0
0
0
(null)
0
-1
0
0
0
0
0
0
0
0
0
0
00000000000000000000000000000000000000000000000000000000000000000000000000000000000000000000000000000000000000000000000000000000000000000000000000000000000000000000000000000000000000000000000000000000000000000000000000000000000000000000000000000000000000000000000000000000000000000000000000000000000000000000000000000000
